
1
karim abdou

22
1
0111925152
80.000000
baba

60
01236985641
mama

45
0101398745
1
1
0
hazem

20
01032569874
0
2
hazem abdou

20
2
01036987452
85.000000
baba

50
01115698741
mama

45
0109521854
1
0
1
sis

20
01035987453
0
3
ahmed magdy

20
3
01032658941
75.000000
magdy

50
01136987451
mama

45
0123657896
1
1
0
broo

20
01132658974
0
4
mohamed serag

22
4
01116589745
77.000000
serag

50
01036987452
mama

45
01078965410
1
0
1
sis

19
01123658974
0